32.4483759123
32.7687725364
32.9775017811
33.1689387836
34.2626158703
34.9452236437
36.7286570556
38.2078231498
38.4139151369
40.5532487357
41.2015666741
41.5122013372
43.0359883317
43.3090335536
44.1550113582
45.1505497198
45.5248538027
45.8009805145
46.0739287846
47.3192030232
47.4627821363
47.8643302068
49.0558302154
49.274132547
49.6550656635
50.5100788368
51.5983408368
53.3733214833
55.2953829805
55.9023527594
56.2681276368
57.7583489395
57.9339082039
58.0585199452
59.0652722637
59.7548918671
62.0326000445
64.5112839214
65.2076937267
66.0579944851
66.3609884673
66.8973961795
67.0641673376
67.7190657767
67.9225088007
68.1010713896
68.8164607064
69.666822359
69.9685122031
71.6574399431
71.8016762275
72.3530666011
72.5439848609
73.7249405168
74.3538900282
75.4947405538
76.4269818915
77.3739401336
78.0156258193
78.6821482788
79.021608207
80.3616283722
80.6543020628
80.955447123
82.1838931011
82.5021379478
82.7741704173
84.7709458341
85.4032231167
85.8568821555
86.4410578115
87.8066957561
87.9958897018
88.2759728601
89.6231810747
89.8995406985
90.1975006322
95.1511178394
95.2832193788
95.6222845931
95.7747951934
96.9122127995
97.1132994621
97.3866003924
97.6584403591
98.3992316348
99.4030420898
100.8125040802
103.2513020752
103.7957176201
103.965371203
104.2934122047
105.5748464196
105.6908735168
106.0639801543
106.2841891198
107.0043050281
108.1964222046
108.9316580195
112.4723714639
113.295153542
114.1124313682
114.2744353615
114.8033574617
114.9952072997
115.7291888748
115.9293230845
116.0891404272
116.9588983999
117.5108122133
118.0111955504
119.6664771173
119.9132248009
120.6701737278
121.5275783474
121.8431585714
122.4844383793
123.630318331
124.3395017798
125.4015036081
126.0402664346
126.55078055
127.072995402
128.3825763402
128.6360609274
128.9580631445
130.1989791973
130.51513666
130.8931027961
132.8244127722
133.4197161265
133.9594374352
134.4839939806
135.8316669249
136.076457414
136.460463723
137.8363289511
138.0785539152
138.400968308
169.2149603655
170.4060341432
170.7838062623
171.5036458586
174.0917314986
176.0957544799
176.6051022748
189.2640050304
190.1292188722
190.853654983
191.5599646226
193.3468356415
193.6829047933
194.2191503898
195.7942354579
196.1320472631
196.6428554649
199.6706708318
200.3635772489
200.9415747995
201.7662090505
203.4546476869
203.7123213884
204.3184899881
206.0885961189
206.398669326
206.7934259865
209.4522847143
210.3339002789
210.8884201693
211.7158004938
213.6722111693
213.9852306878
214.3779873618
216.1265658074
216.4935310616
216.9632693431
219.6707601171
220.4593048071
221.2631910584
221.8661769483
223.7409009384
224.0142904902
224.4205674081
224.6525091503
226.1471283093
226.4708366107
227.0376590448
228.9178371749
229.6083727519
