13.6990104162
14.5689692869
14.8902080327
15.4019361584
15.9263083604
19.5887051812
19.7871388566
20.2343223192
20.9177272073
21.247820972
21.5528750426
25.6086235529
26.087022869
26.4117193592
26.7926245475
27.198539718
27.5401588892
27.9646603148
28.3406782943
29.0273264613
29.4126289995
30.2410988833
31.9245750435
32.1252156092
32.9697823676
33.246921951
33.4937944083
37.7883682387
38.1103772841
38.8056038321
39.9347505829
43.6785576641
43.874064861
44.1230724139
44.5404395934
44.8561174035
45.1226479265
45.2960353579
49.6228473719
49.7936970189
50.866852909
51.1865141347
51.5183691961
53.5155076904
53.7401521497
53.8694865577
54.2737183814
55.615039799
55.9250132199
56.7231096847
57.3264273386
60.3712205955
60.6539697908
62.1658921984
62.952140599
63.1833970854
63.3907902303
64.8428851008
65.1888166544
65.5757504396
65.8105978197
66.2568097853
66.570972223
67.5184764089
67.6971679085
68.0064722299
68.4778348339
68.7356318119
69.156735842
69.453948396
72.2312951548
72.6245359907
73.961513301
74.1445632929
74.8259738888
75.1576507216
75.5074867513
76.7921435155
76.9516605627
77.5066388322
77.8017287868
78.1866831585
78.8953633741
79.9401203094
80.7862498108
81.1324312667
81.3605043436
84.1399423048
84.6081629673
85.054671625
85.3043546529
85.7204951722
86.0988594368
86.3741077656
87.1071581476
88.572410622
89.0354546288
89.682985757
90.044603543
90.4415682981
91.6142842681
91.9333271593
92.1150979338
92.8117311013
93.1755148108
95.9885342107
96.1895683596
96.504528371
96.9056207815
97.2641020356
97.6055128766
97.9210572761
98.3304795891
99.1460413558
100.7185501751
101.0094871394
101.7377793119
102.2639014163
102.4466782005
103.6383365282
104.0889252725
104.4069225888
104.7292688613
105.272769541
108.1287277623
108.5096951604
110.0302694135
110.8536983456
111.171876803
111.4450068994
112.8104207462
113.0540331275
113.3912461474
113.7555477265
114.0722045552
114.3495183423
115.6108997078
116.008563393
116.7381310673
117.2071664867
120.0633593573
120.2956128649
120.5014366998
120.968601502
121.1298637461
121.3664613001
121.6884266149
122.0164276541
122.3768205241
122.9137837537
123.3306488125
123.4771007756
123.6612294336
123.8946016434
124.1041487572
124.2624654078
124.6102622131
124.7826587917
124.9151145661
125.3853635021
125.9164372952
126.5149296108
127.5706695069
127.6958949458
128.022865146
129.2058817258
130.6335572718
130.9523241361
131.1821494116
131.8599398493
132.5461372305
156.1899991304
156.6738853152
157.6230549732
158.1288916713
162.1209291621
162.5467314834
163.8451345307
164.1722339225
165.1247172637
165.4767594375
168.427081516
168.6856550102
170.1164209952
170.8479817506
171.021907796
171.3962727092
171.4302679054
172.792727853
173.0055492029
173.4093922381
173.7423486734
174.0601919593
174.3936844469
175.4488612401
175.6424483027
175.9112592846
176.4105096398
176.7386005894
177.057095659
177.2701832537
180.1647658586
180.5619079081
181.7322140665
181.9976784241
182.8611511308
183.1934465586
183.4395510706
184.8490957632
184.9916216942
185.316845457
185.6750695832
186.1627884816
186.8586858271
188.0319835385
188.7163359159
189.1310105234
189.3243064238
190.6969331942
190.8529535123
191.124267382
191.509933305
192.5298814028
