19.6767218175
22.6990024735
25.6989662195
26.5569031623
27.1931116492
27.5814534702
28.1793193368
28.8810796262
29.1653425725
29.3890200832
29.7443514202
30.4870012867
30.7213905515
32.1743671081
32.9342191642
33.5853750662
33.85436491
34.1283552266
34.4022660622
35.2571986055
35.4933665182
36.1040853569
36.6601532635
36.8584476945
37.1838098574
37.6514197668
38.5300597161
39.8825766864
40.0911254015
40.2830088097
40.5531961162
40.7623851015
41.3685336358
41.60248996
42.8024334859
43.0055975429
43.3552077631
43.7659270342
44.2933201229
46.2906246282
46.4600640708
46.7287187349
47.0718595671
47.3420883441
48.3442899558
48.6057484683
49.2299840709
49.6195847764
50.7362274819
50.9402182675
51.1759272736
51.3650951273
52.580088193
52.8303076909
52.9120240903
54.1464137384
54.3611045541
54.5817563741
54.9981416856
55.3452055061
55.730744265
56.0142747974
57.2180339761
57.3222749972
57.8432999696
58.7906532977
58.9047744712
59.2975894171
60.4879549375
60.7320754256
60.9616448981
61.1379015945
61.372419945
61.684422018
61.9307229324
62.9751740794
63.2658188239
63.5041198572
63.7649294581
64.1416003397
65.0198542609
65.8590010559
66.4463429557
67.3964256173
67.8776042857
68.606936781
68.958480414
69.189830017
70.2551577745
70.5250654941
70.7132446397
70.9180887109
71.1030632158
71.3185381052
73.0980680225
73.2891670752
73.7765583632
76.8160902714
77.1035402262
77.7369049344
78.724526622
79.4693596034
80.1764572919
80.459794382
80.8199299532
81.348440356
81.6536120419
81.9796881137
83.3091917943
83.5884132931
84.1656887938
84.9454857302
85.7134364851
86.6611821012
86.8838068212
87.1506274567
87.8631691896
88.1175644074
88.3870920729
88.9572809601
89.1905963105
89.3583308084
89.545974913
89.739398948
91.9854445558
92.370437373
92.5643596902
92.7989759485
92.8947699443
95.2998653621
95.5148898605
95.6659911706
95.9471047931
96.0444545118
98.3710438274
98.6952155718
98.8802224195
99.145544817
99.2893940145
105.4088871291
105.5309425877
105.6325424439
106.1820667869
106.3559336779
106.5659403917
108.9210994055
109.5703731111
110.1798095039
110.5504394034
110.9153224563
111.1858763191
111.4037739594
112.0468005772
112.7502484498
112.9335523639
114.1685826389
118.1316735902
118.3523522784
118.5629355572
118.8818422877
119.0495016157
119.2616023928
121.6930345823
122.0048224501
123.401244356
123.7016707597
123.9205933006
124.0534586722
124.7557025529
124.9479770325
125.2152147864
125.5485705731
127.6182364463
127.9005952639
129.9724745115
130.5606696147
130.8756316383
131.1485286682
131.3437411918
132.616551394
132.8039775554
132.9398305881
134.173740047
134.2582587379
134.4272271568
135.3819411981
135.603828985
135.8840497627
137.1501996912
137.3184252406
137.533055772
137.6806418504
138.7878671137
138.9995137392
139.229715137
139.52876848
140.3735610777
140.5122932375
140.7342968266
140.9662643321
141.3511076835
141.6700262663
142.0892132986
142.3404702898
143.0503651487
143.2145033219
143.6237591143
143.781086475
144.1600299978
144.8969816349
145.6351750984
146.4191940891
147.3502541902
147.6555961738
147.8789826372
148.4879753234
148.9260488425
149.0522059771
149.577891199
149.757228268
149.9175914265
150.1240616387
150.3872701976
150.5530047355
153.0792679733
153.2612661533
153.765560536
156.9251077288
157.1816278316
157.8125920529
158.6416589173
159.3789239758
160.242729124
160.5765741633
160.7986982425
161.2900159388
161.6805194002
161.9593989776
163.275197672
163.6060627292
164.1851633543
164.964152978
165.7329609998
166.5944329697
166.9476383738
167.1872305147
167.720816273
168.0552910234
168.3103973392
169.0728876911
169.2200291519
169.4299632321
169.5792319559
169.705454132
171.9885381126
172.2236065712
172.5037498983
172.7474856518
172.8959050959
175.2412200814
175.4767417248
175.7058629747
175.9109091789
176.0622272173
178.6583988094
178.7830601061
178.9932658001
179.1911399192
179.4297594791
182.5350620264
183.0208726525
183.3570603641
184.0908201121
184.7067134449
185.6479094993
186.0970258715
186.3471639615
186.8660516319
187.312337919
187.586118205
188.8169700534
189.271828499
189.8056125969
190.4295608055
191.1915186445
192.1037843179
192.470971625
192.7811176238
193.3238550728
193.6217162831
193.9571949381
194.4746764804
194.7952522079
194.9793648865
195.1353945178
195.2405633207
197.8628039496
198.009868815
198.1940318144
198.360692958
198.460465666
200.8749426639
201.1132597666
201.3327083455
201.5084324819
201.7090308113
203.9674422305
204.3043587981
204.5118191929
204.7205089698
204.8898355697
208.2301435369
209.0406560248
209.8710056808
210.4838950148
211.3844872424
211.6868043106
211.9680289263
212.6350136653
212.9254979183
213.1179864803
213.5581322754
213.8078972981
213.9967971251
214.1167255594
214.3468756782
214.5162788456
217.1857661464
217.4196925159
217.784800056
219.7851048045
219.9632105868
220.436070504
220.6675722507
220.9804836059
221.8006415366
222.5861440803
223.2627577313
224.1749079032
224.4863152346
224.7896678057
225.4499858265
225.7420920039
226.0068728573
226.4021922746
226.6980170849
226.8721033833
227.0375442927
227.3083694225
227.6351501643
229.9988822762
230.1877574366
230.5769225957
