15.7162115179
15.9436126259
16.1690185648
16.3995404574
16.9415741935
17.804388803
18.0933320242
18.2690348148
18.7304162629
18.9341510153
19.1654543457
19.6458976466
19.864916955
20.034592858
20.6414825624
20.8376134275
21.093229286
21.8139452464
22.0316549188
23.0304093885
23.2070001013
23.4648039281
23.7168511055
23.8988140484
24.3749215833
24.6234836114
24.8481492435
25.2888000704
25.5531653777
25.7654924533
26.2000407549
26.4434213119
27.1522149085
27.3934587189
27.6075300489
28.0910607713
28.3297244551
28.6020683264
29.0001303168
29.1954190986
29.4846926335
30.4893249575
30.7697741357
31.1277090872
31.3922025212
32.3488384687
32.5902709598
32.8985323572
33.1732746112
33.7363493494
34.0370092598
34.243490847
34.8640606818
35.2218031466
36.1341508501
36.3124493363
36.811969133
37.0769123319
37.5353347604
37.6756386095
38.0015943048
38.6297344921
39.8237035621
39.9921889849
40.3927000756
40.6026621198
41.3576656651
41.6243545897
42.2617925729
43.2647802899
43.5441579818
44.3010170984
44.4643110294
45.4362590399
45.7080423037
46.0285230225
46.2961266439
46.4342189548
46.841457246
47.0237480324
47.2983439266
48.0233071159
48.2949001694
49.2530343763
49.3827383708
49.7157674668
49.883748575
50.1414281669
50.7423751645
50.8729160312
51.1116415246
52.0411750044
53.0135418681
53.6026785168
53.9818480074
54.6914609071
54.8744816796
55.3272255659
57.3775340658
57.6893656501
58.0973087899
58.3539216012
73.8206539629
74.5445242585
75.0012926129
75.2336274619
75.4792609939
75.9234166499
76.165897514
76.8340803747
77.1055134871
77.5113273978
77.9027769046
78.1038967597
78.3078871074
78.7036202097
78.9193937004
79.166999747
79.5579594263
80.1422608305
81.1906043323
81.3083687786
81.5924278959
81.7436811227
82.0229373725
82.512770272
82.7226442498
82.8970290698
83.456262194
83.593375314
83.9058832059
84.340584515
84.5536977152
84.8981606586
85.3185455631
85.5905470458
86.2726223453
86.5440214069
86.7262224853
87.0385366465
87.4064676626
87.6316069871
88.0842137799
88.663955459
88.7894172367
89.259851455
89.4126907909
90.4924391339
90.6083637493
91.0257701738
91.2941276052
91.8960095842
92.1513087724
92.3709740907
93.0319295019
93.3967707206
94.2597734321
94.43648501
94.9511120812
95.2225188538
95.6736932369
95.8096602924
96.1379149876
96.7963863536
98.0203699169
98.1633565594
98.505491196
98.6734413877
99.3602843286
99.5649944638
100.3216208432
101.4313969677
101.8043721845
102.3774074081
102.5733783724
103.6017753423
103.8208112907
104.1475071123
104.3673993567
104.4698627935
105.0279509378
105.1921574071
105.4639731385
106.1865246192
106.4375481432
107.3302067663
107.5057276101
107.8529670583
108.0048609263
108.2125347314
108.7566549717
108.9488719671
109.1834871787
110.1418368455
111.1797476137
111.6696905161
112.0648872082
112.7108151874
112.9547061201
113.4492796203
115.4658213369
115.7301972792
116.2773273543
116.5101432037
131.4580346149
131.8666645803
132.3654170817
132.5860081891
133.6021435558
133.7223869392
134.1190492188
134.4146369817
134.9555322562
135.1506431883
135.4397873215
136.0582839891
136.4373988013
137.3587382318
137.5428848651
137.9934363302
138.2690939059
138.7770266653
138.9483652544
139.1548689815
139.9024981894
141.12474163
141.278845473
141.6663791543
141.8512378553
142.5327541213
142.7311091055
143.4418025912
146.5281247472
146.7483367192
147.3817131503
147.5683808329
148.604740813
148.7796666392
149.1053221631
149.2906886011
149.4318726463
149.9881804668
150.141535069
150.3740474646
151.1917325277
151.4238507262
152.3998000603
152.6091774495
152.8878133969
153.0447729095
153.2629352992
153.7842136331
154.0091557428
154.2835884889
155.1891137121
156.1345680473
156.6430309669
157.051307366
157.6876923453
157.9733875102
158.4082798845
160.52287058
160.8580952966
161.2002968169
161.5109530434
