18.6199806062
18.8935200441
19.2129109764
19.4400582333
20.8442601876
21.1843256354
21.4153882256
21.6760365505
23.022988318
23.2142289543
23.3772309992
23.8837258687
24.2054118494
27.4613023298
27.8356017572
28.0584215819
28.3166824391
29.4815254882
29.6551814906
29.9689749405
30.2568135075
30.5582273186
31.9374286656
32.1116008352
32.2326449932
32.4769384648
32.7711396972
33.0323408754
36.1861069028
36.2919814252
36.5884552732
36.7265781713
36.9711766388
37.221804181
38.451706337
38.7072513633
39.0947986403
39.2592514431
39.3143614728
40.9698500952
41.3815039928
41.7382285887
44.4153606944
45.7558956247
46.6265176495
47.170854216
47.7046877098
48.2551647671
48.9410778274
50.4838772362
50.9922193217
53.5652796207
54.1492929334
55.2363504491
55.6025811881
55.8716419675
56.0727523813
56.2563280352
56.9595449479
57.189038014
57.450765464
58.0819183258
58.2779262904
59.1313374262
59.408071183
59.6786620526
61.112488467
61.3409462146
61.6341290283
61.8527998841
62.5200345079
62.8216755571
63.0851890235
63.1824411231
63.9001786852
64.1321149666
64.7185718617
65.2640452062
65.763142501
66.3568039016
67.3961081256
67.6686794264
67.9668215054
68.5590948063
69.9486470936
70.1811497736
70.5396884136
70.722452225
71.292687344
72.9064580232
75.7918863688
76.0634834848
76.3312349642
76.8081539659
77.4755901714
79.6428216872
79.9173709506
82.2336019791
82.76215653
83.3084945811
83.6488760639
84.5115813891
86.0039027746
86.5918122114
91.8908978686
92.079723534
92.3355749323
92.6237815141
92.8477920715
94.4600201527
94.7749593739
95.0745894727
96.2922185988
96.4803635015
96.6527853458
96.9533673217
97.1475620709
97.3984443504
98.4243070423
98.5878517875
98.8859208294
99.1583159219
99.4135025219
100.6925103225
100.8716103291
100.9380680809
101.1697062071
101.4290228026
103.0606573374
103.3795264865
103.8723756442
104.1423538454
104.69076444
107.437084448
107.5460294047
107.9057765902
108.0515046107
108.2794963869
109.8657447805
110.024536548
110.1345186776
110.2945494077
110.4442069785
110.5680611935
112.1168900284
112.4936827999
112.7888802174
113.0517579369
115.3281151816
115.4946531494
116.673836639
117.7576296344
118.2613529495
118.8499748675
119.4898015398
121.7391699118
124.6616612781
125.2315925613
126.3366056112
126.6510398762
126.9743582758
127.1498932918
127.3775045254
128.0634351882
128.2395288087
128.5113722886
129.1266734799
129.3258060118
130.2016845795
130.4816361226
130.9030516853
132.2135236217
132.4500888572
132.7060872778
132.8936968949
133.5466055692
133.8671609759
134.1433560344
134.4124065797
134.9581187783
135.2106850895
135.8215282628
136.3659913342
136.9483709931
137.453822694
138.5602305435
138.7701994272
139.0846887311
139.4994110759
141.1735837027
141.4427772495
141.7629283501
141.9893313954
142.5358511588
144.171418096
146.8910389843
147.1651317379
147.4352380755
148.0069388535
148.5561988562
150.8309373493
151.0077960006
153.3024211609
153.8081676394
154.4345361987
154.8261191609
155.638224202
157.1335342781
157.684875679
160.5866987351
161.1085205273
161.5810821518
161.8855392001
162.1661984607
162.7686871311
163.0874918262
163.9364027291
164.8442614694
165.2614419074
165.583503312
165.9297121012
166.4242970535
166.79704858
167.0489162938
167.3539276388
169.2308459548
169.3169654065
169.6216427089
170.2558974538
170.8184395074
171.0766371473
171.6615085103
171.9364532079
172.4655504367
173.001619081
173.9435245473
174.1942248296
174.4727897947
174.6926865926
175.1190095523
175.2950444471
176.3916364076
177.936472026
178.260211855
178.5561923816
179.053924179
179.6765121455
180.4166496617
180.8936610752
181.3267772736
181.60794421
181.8727348365
182.4826293946
182.7490343995
182.9717333604
183.4795353824
186.5775065172
187.6905067442
188.5441738525
188.8188815183
189.8502862037
191.0551221061
192.6538247213
193.0380460981
195.8049059786
196.3174510235
197.4857200445
197.7538530233
198.034908904
198.251271026
198.4645575344
199.1128670153
199.3728374908
199.615850387
200.2569500239
200.4305877395
201.4043443257
201.6349769734
201.8844503856
203.3366519847
203.5757359102
203.8298419934
204.0393787266
204.7378769448
204.9693486974
205.2361722201
205.4052545183
206.0576228081
206.3248274443
206.9164331481
207.404087057
207.9601359666
208.2334210375
208.5086198448
209.6300075478
209.9818862447
210.1971890949
210.7338479521
212.204902385
212.4629152702
212.7201472725
212.9446229335
213.5120306369
215.223234043
215.9273801296
217.9112320809
218.0289015759
218.3208180296
218.4947331114
219.1404504217
220.2080609989
220.9851284588
221.9292697511
222.2171197565
223.9351469798
224.4784686257
224.9896654298
225.5231750677
226.0645480128
226.7485270499
228.2950636156
228.8477921367
