20.0212208859
20.4502437389
20.7817086155
21.0593824663
21.1771480773
21.3420494241
21.588610689
21.9040216536
22.2094465609
22.4297043547
22.6159325522
22.8412953183
23.1839067908
23.3647467415
23.739397191
24.0187285288
24.2133421308
24.3288064918
24.728829666
25.4426234708
25.7447745829
25.9207261948
26.0880718607
26.3634091454
26.6569563089
27.0250905708
27.2479802602
27.606862999
27.7878308396
28.1471363054
28.4650424754
28.6169722355
29.6069424749
30.0202719942
30.3172152657
30.5895986665
30.727255921
30.978021855
31.1171672817
31.4177099817
31.8283412794
32.0503066901
32.1875368072
32.4198716478
32.6511847602
32.8991945285
33.3734306907
33.6383523288
33.8029805855
33.8902874936
34.3215222561
35.0408082254
35.3495008845
35.5070082457
35.6391407973
35.9041319223
36.2705539245
36.6345172498
36.8652597515
37.1627350273
37.3685657642
37.7268768482
38.0635739522
38.3483074636
39.2623232823
39.5541031078
39.9061897735
40.2428602879
40.5083477193
41.0829286251
41.4084825095
41.7010643681
42.0707431955
42.4063223
42.6855496839
42.9596303585
43.4582601132
43.640262745
43.7935806406
44.0953825304
44.4231526869
44.7348938806
45.2922157974
45.5513075681
45.8336069851
46.0754212293
46.1563292602
46.4522841671
47.0120857437
47.4163827987
47.7092683394
48.6200969115
48.8945191265
49.1628101509
49.3840240026
49.6014272488
49.853608005
50.0273966018
50.4397181208
50.7274792734
51.0317825875
51.2937792157
51.536427085
51.6537777852
51.7418294166
52.1071667342
52.2087515806
52.4942902455
52.7524794036
53.1061395656
53.3677120685
53.6890702214
54.1747679165
54.4272173892
54.9204659438
55.2246725504
55.8835893609
56.0901757092
56.4209683601
56.5992028311
56.6799349925
57.0067222047
57.5995936437
58.3733029265
58.6797606649
58.832473509
59.124434069
60.0085303248
60.124748284
60.3775109758
60.7449911055
60.911880547
61.3433901515
61.529192873
61.6698494838
62.1673534629
62.4100556476
62.5438787693
62.7362621277
62.9539866895
63.0937255522
63.4998321104
63.6834513032
63.7556528755
64.4668359858
64.7453463583
64.976537342
65.2698660912
65.6814294915
66.1751446225
66.3576400998
66.5885782266
67.4464481348
67.8037199272
68.0070775751
68.3446651162
68.5367413576
68.9465477507
69.2069299648
69.8259576616
69.9474493757
70.0559498554
70.1290860456
70.3457835506
70.41665588
70.7677710369
70.9797940877
71.1292479124
71.3945603434
71.5303006273
71.9585814087
72.4320973914
72.9390846949
73.2534410667
73.3825393527
73.821738504
74.0187971208
74.3481683587
74.4813026857
74.9340917545
75.1158959648
75.2994254504
75.5415193303
75.8398395243
76.1403042123
76.5063745122
77.652588917
78.0479752706
78.3260108866
78.5468077899
78.7240217389
78.9707983227
79.1532080325
79.4617975914
79.8063290006
79.9939881656
80.1373768925
80.402742343
80.7068518673
80.9077563676
81.3808706413
81.6455082116
81.8465443678
81.9628528067
82.3939390478
83.0130087716
83.3876798437
83.5244230353
83.6624752828
83.9196093372
84.2801672083
84.6743344597
84.899243836
85.1881050826
85.4154074438
85.7431742986
86.1129259356
86.2275393966
87.2239938556
87.5927477643
87.9777289543
88.2425541031
88.3612558641
88.6013688781
88.7039617758
89.0026748176
89.4522676727
89.6203260183
89.7250944299
89.9972959418
90.2621194768
90.4469257403
90.9187826474
91.2449043624
91.3332764777
91.4482577084
91.9497355466
92.6418548623
92.9564986788
93.1236037403
93.2634053959
93.5728323133
93.8487188413
94.2205833847
94.4888273852
94.7713785721
95.0243020832
95.3566412595
95.6674460243
95.8499419951
96.4895637016
97.7102731967
98.0335723188
98.8434038596
99.2203193363
99.4854153311
99.7093654546
100.0509665879
100.1502473194
100.4304684296
100.9881398599
101.3923270261
102.1544872006
102.4108207233
102.5546358099
102.6410789713
102.7921200564
102.8871215786
102.9919675625
103.2652341632
103.853557084
104.0173059212
104.1622533601
104.3953990209
104.5642366591
104.7316057942
105.0184673389
105.5636777572
106.1758866856
106.3705794668
106.5280259396
106.7092677314
107.1597709606
107.3558982428
107.523304494
107.6505051208
108.094090849
108.2296853709
108.4132559556
108.5097542631
108.7118788587
108.8828855271
109.4566991828
109.7521597839
110.1141919368
110.2460366089
110.4298266138
110.690891597
110.9734166683
111.1570162209
112.1528786384
113.0844709474
113.3924891123
113.5692625065
113.8310529318
113.9885970648
114.1856791459
114.4533376007
114.6366982237
114.7710145402
115.4606341567
115.6335962036
116.1206366598
116.4185965729
116.5627562612
116.8797066128
117.0431846849
117.2242695567
117.8769428137
118.1116742298
118.8286606914
118.9209192025
119.0218420747
119.3120652516
119.5328637764
119.6490263236
119.9917566542
120.5301762071
120.7293821106
120.898559785
121.1997027585
121.321092524
121.593565589
121.7627046489
122.1204567949
122.7882714427
123.0336785583
123.1337516422
123.2821138578
123.4717561835
123.5563500173
124.0537140986
124.2286554633
124.4343281462
124.6271645158
124.7858550429
125.3615969695
125.6168942326
125.8792229632
126.29097175
126.4810848867
126.7593823127
127.2348060559
127.3312541694
127.3589374944
127.4638869856
127.8460849215
128.083097582
128.4851958763
128.7255341517
128.9616633844
129.1965720838
129.5649133495
129.7612928082
129.9565491675
130.2652646504
130.5570655215
130.7913760999
130.9606715491
131.1436033185
131.3427321289
131.5113219551
132.0607194059
132.3668799841
132.6390030761
132.9032728071
133.2461319042
133.4774988295
133.7877144117
134.0202723085
135.2808502128
135.6154816334
135.928958719
136.2117867534
136.3370158808
136.5009151528
136.7354510717
137.0750706401
137.447652125
137.6442005234
137.7984575137
138.0621514789
138.3247708572
138.4927659766
138.9895053304
139.3322622682
139.4327470788
139.600542151
139.9997907316
140.6867846529
141.050695101
141.2796049402
141.4358512109
141.6609290087
141.99731959
142.3276475655
142.5583344006
142.8178094502
143.0624712363
143.4175558233
143.6808756792
143.8580752524
144.8719022488
145.1728465871
145.5405353398
145.8405840217
145.9725742789
146.0741000865
146.2642654835
146.5813867634
146.9895313735
147.1713023365
147.2611026714
147.4914204063
147.8518519023
148.0340376537
148.4756495793
148.7984773596
148.9534141583
149.0681837925
149.5728855724
150.2089345484
150.5679546566
150.8008483371
150.9877228942
151.1650748184
151.5537865716
151.8212722191
152.0387392995
152.3131681608
152.5987386748
152.9542208799
153.2259486798
153.4198300698
154.5077221863
154.6447202521
154.7748518299
154.9176807066
155.0668248108
155.400210559
155.5760233368
155.7569457931
156.2962145886
156.3813908413
156.5531877748
156.7430284048
156.8340218646
157.1077915134
157.5220601144
158.0102411412
158.2985005573
158.5163558577
158.6513362827
158.9475802755
159.1469244409
159.3162581121
159.8702393722
159.9351822028
160.1402481535
160.281163099
160.4591071501
160.7874450082
160.852770268
161.0951489374
161.6497596769
161.7697632109
161.9632810953
162.1622475763
162.2793946615
162.5562867237
162.6931634904
162.8855146476
164.0549174095
164.2311004727
164.3407918436
164.4984459943
164.6638683326
165.0005872116
165.1394003571
165.3683143244
165.9378426059
166.0101013267
166.1298669791
166.3460922185
166.4555163745
166.7290623139
167.0895612755
167.6931385367
167.8968824407
168.089391281
168.2762148166
168.5229150102
168.7231150743
168.8164332456
169.4950232394
169.5964802058
169.7543551391
169.8797286053
170.0681352777
170.3706544179
170.4946381337
170.7018698905
171.2768223454
171.4236533171
171.5837225439
171.7576756565
171.9014699712
172.152830281
172.2925739084
172.5128006008
