22.8430881431
23.0706035581
23.4948400291
23.7230214626
23.9212106521
24.4053136582
24.6363281444
24.9496679786
25.1141038439
25.3821249294
25.6107934268
25.7712871232
30.1503518388
30.377371607
30.5682519833
30.8385186609
31.0724264754
31.2672551123
31.9043650792
32.2498499898
32.4533851513
33.1962637406
37.0918256815
38.044160249
38.8529510717
39.8698722499
40.1565027638
40.869215311
42.6247790947
43.1195751119
44.9840567905
45.4715587306
46.3048602416
46.7572567575
47.2050539836
47.5755187745
47.9361751877
52.3564946027
52.5674923232
52.8078566206
53.0580752291
53.2657680862
53.4477462583
54.2630058484
54.5205896187
54.6519467905
55.1126737465
55.353592352
55.7658006673
57.9661451712
58.5329257409
59.6497681379
59.8558663576
60.0773121854
60.5634492015
60.8476167576
61.1621089622
61.8414138515
62.1031834612
62.3992863015
62.7869947827
63.241667778
74.4833005492
74.7108075389
74.8267834335
75.2013493864
75.4255514952
75.6673006898
76.3422219421
76.5269572178
76.7751692361
77.2456387743
77.4718105027
81.90617162
82.290336238
82.6123985253
82.8214750429
83.7407622717
83.9654995761
84.1403028866
84.38245215
84.8727912211
88.7781766332
89.8186276735
90.6584927308
91.5647853215
91.7783850967
92.516776153
94.2781171711
94.8308380533
96.6474505212
97.0819158529
98.0322483963
98.4459134513
98.8396948212
99.154840626
99.5302999977
104.023349893
104.296261658
104.4872557217
104.7337992174
104.968022044
105.1973939334
105.8998303458
106.1124508034
106.3225257488
106.7062032169
106.9928050906
107.32749098
109.5811924395
110.2430084262
111.462352814
111.6784498085
111.9505878143
112.2539825584
112.5934222253
112.836006715
113.4386967408
113.6768276903
114.0686770934
114.4051574503
114.8702326649
117.0470446373
117.655473718
118.7974729485
119.0577506352
119.228855351
119.7264420865
119.968947335
120.9315546365
121.1037542158
121.4310796748
121.6553956239
121.8905507012
122.27410909
124.310447823
125.0013645536
126.1865595242
126.3951043923
126.6234193457
126.9007982058
127.1262656786
127.2853484288
128.2197290801
128.4279983699
128.7565895698
129.6723381824
