29.7795661451
30.139495104
30.4171043411
31.1695573292
33.7788682751
34.679501184
36.8181395666
37.1278245309
37.3522543926
37.9517454953
38.2059215409
38.4058966323
39.0910420371
41.1166947567
41.4168284037
41.8484934317
42.4937403517
43.3061088138
43.5610104509
43.7190497963
44.0587663091
44.3632707299
44.6330685086
45.4708226738
46.8500055492
47.0770306638
47.2402119695
47.7319522372
49.0431418483
50.3738466372
50.4671752027
50.6401933876
50.8926097274
51.1424922443
51.5710829095
51.8413974996
52.1296227441
52.5130893307
52.6834114974
53.0847274188
55.1102744208
55.3515726939
55.5728775524
55.9376530081
58.2380523123
58.7475146244
59.3735415436
59.5710417905
61.7663705585
62.0194740601
62.2353359643
62.6701008691
62.9983144858
63.5647797884
65.3521875241
65.7829349452
65.9675045194
66.4085408276
66.8350957774
67.1276840879
67.5964977795
68.1608416733
69.2890610719
69.577452236
69.7781008708
70.1992468279
72.7567529745
73.1207687353
73.5770134576
73.983265414
74.464501013
74.8993796279
75.202042914
75.5019160377
76.4747793376
76.7088879921
79.5477366216
79.7022562231
80.1099416469
80.6830301784
81.3064819436
81.5609393062
83.177870692
83.3619142712
83.6120119825
83.8340365853
84.2223517371
84.6282518802
86.0004734022
86.18608791
86.4284136898
86.7478167218
87.0577835107
87.3245663726
88.1756665005
89.4603617612
89.7421015126
89.9483070114
90.4768744747
91.7547638226
93.0468477313
93.3127084089
93.5418807862
93.8536894204
94.2176577675
94.4761645803
94.7805523348
95.0556545774
95.3829406391
95.7750651118
97.743890657
97.9602030983
98.2345493083
98.5028655855
101.1306963387
101.3844740987
102.2401724066
102.6839215101
103.123323053
104.4445007112
104.6150969549
105.2838199091
105.5295379304
105.6523192684
106.4548207491
106.6092688971
107.6233797414
108.2253532689
108.3927116532
108.634932149
109.3268262439
111.1108084602
111.3023651613
111.5579230064
111.7193419186
112.3827155214
112.8604426845
114.6717878817
115.0467854529
115.6005098983
116.4146372204
116.9222678705
118.6534074978
118.802033649
119.4913848095
119.7058425746
119.8424783907
120.6130666747
120.8776863282
121.9179027407
122.4056043316
122.5812572272
122.8261648621
123.5350037184
125.3546380745
125.5348609997
125.7771637058
125.9609383383
126.6229370937
127.081486139
142.8739896063
143.0722032496
143.3042120939
143.6342584019
143.9479222132
144.2728456522
145.0215283702
146.3479781738
146.6224920468
146.8133553228
147.3400196181
148.6372944748
149.9606715491
150.2099357241
150.4341987707
150.7418710663
151.1158016408
151.3858972119
151.6976298963
151.9345551252
152.207125878
152.6779565989
154.6669083762
154.9090831018
155.1103004666
155.5802290762
157.0867087741
157.3190469328
157.5465826442
157.9808864223
158.2645712276
158.4362453728
159.3642614468
160.6867005956
160.9205024566
161.1114467492
161.5883538645
162.9730752748
164.1623407421
164.4559682189
164.6510868177
164.9720663283
165.3347447653
165.5781080544
165.9689004072
166.2877993067
166.5153943183
166.8720138878
168.9247628892
169.1018434437
169.339572542
169.686541352
