23.7636433797
24.0285101446
24.166930898
24.4240921504
24.5480016979
24.9991269404
25.6507600691
25.898231289
26.0046033255
26.2939222253
26.4137392602
26.921221855
27.6137618742
27.9324032336
28.3339428962
29.2404798515
29.4491854613
29.8178301028
30.2535097534
30.941739097
31.086670333
31.3903388378
31.782202421
32.6277458944
33.1153733822
33.3219575354
33.6347422799
34.5026289425
35.1360439455
35.2246214958
35.6086885159
35.9199936102
36.654091224
36.8300181703
37.0945878734
37.3642750011
37.7068041833
37.882225401
38.9964619043
39.178598367
39.4989383944
39.9320637893
42.58399521
42.7596643262
43.0265639257
43.2233473014
43.5413939087
43.7421008556
46.3907187322
46.5770078975
47.590032454
50.2101594051
50.3477107999
50.6582990773
50.9185454007
51.3373317856
51.6833153269
54.2990312189
54.5223612926
54.9132891239
55.6247077854
55.956432724
56.2419048763
56.6981910121
61.6702611318
61.9224356054
62.0905387767
62.4761521238
63.1883492418
63.5172157987
63.7292984238
64.2391020506
69.2752854509
69.5374428415
69.6633160792
70.127996069
70.7437790538
71.1651498609
71.4362966816
71.8479890057
72.6328024526
73.0812766429
73.337464627
73.7964796095
76.9327316069
77.1344005272
77.3581605404
77.7425181766
78.2151378368
78.7831749188
79.0245150738
79.4734923364
88.2497205411
88.3210684756
88.517340074
88.9063768607
90.3396640421
90.4208330707
90.5633216014
90.6946045873
91.0164597668
91.1537493089
92.1332793651
92.3160212431
92.5882791009
92.7794566909
92.955648428
93.9105214266
94.1310329934
94.217156911
94.5524836349
95.0075933012
95.901030126
96.0816594621
96.356341946
96.5344612785
96.758119762
96.9906574243
97.3832300536
97.8319197992
97.9456749121
98.0492805988
98.3525934305
98.6982162629
99.6808172586
99.7897744044
99.9280022738
100.3522964732
100.5323979243
100.7233937555
101.6418838422
101.7656359232
102.0105393494
102.1319037759
102.4387236518
103.033847471
103.8867179573
104.0182202874
104.7501824978
107.3636237348
107.5206932799
107.7390948508
108.0488045071
108.2626711984
108.5375028061
111.0793187537
111.3628749323
112.391652244
114.9084523082
115.1386732555
115.4498568919
115.648614119
116.0906556293
116.4106886569
119.0400162298
119.2672365164
119.680699578
120.1292718896
120.7493742101
120.9352902433
121.4076708419
126.7116188236
126.8933782666
127.2806965953
127.814505413
128.3127739053
128.5266340169
129.0310586555
134.2795517847
134.4751521266
134.8964058522
135.4691925686
135.8900293145
136.1503941091
136.6484860104
137.4896752531
137.8136645182
138.0106300647
138.5531673222
139.2839238437
139.7124827287
139.9535706958
140.4758370077
141.9241188015
142.1633120353
142.5955049197
143.0283853639
143.502762804
143.7738091761
144.2799636865
148.492868914
148.9021563135
149.2161909287
150.4694574343
151.1869669321
152.3396217315
152.7204035443
153.0820634824
154.3007843791
154.81412747
156.1610154318
156.5268869767
156.8403388146
158.0171165553
158.7176398258
159.943300355
160.292563701
160.6616549527
161.8710113695
162.4724025717
163.8271361114
164.1478191724
164.5076678208
165.690461256
166.3947905416
167.5992740967
167.9310365181
168.2318121506
169.4774704817
170.0927873548
171.4058051372
171.7499240286
172.1194294523
173.307255993
174.0172060188
175.2208690855
175.5167080123
175.9059677611
177.0792534538
177.6716131055
183.8286298242
183.9986987579
184.373722967
184.9723453264
185.4279282714
185.7000472899
186.1544165475
187.6112259305
187.7870443094
188.1703180327
188.7449293558
189.294826883
189.5019933965
189.9440101968
191.3855247685
191.6315454326
192.026425594
192.5455311934
193.0268904305
193.277927195
193.7671018743
194.5463179948
194.9120860606
195.187644197
195.6362384546
196.3658788504
196.8189267361
197.0435130655
197.5005018643
198.9965839278
199.2219366843
199.5896276816
200.0835499313
200.641341176
200.9246205122
201.4150300818
202.8656182401
203.1011877959
203.4183720493
203.9450255286
204.4433487393
204.7602495814
205.214687014
206.6677104934
206.8615675152
207.2417503857
207.8001437485
208.340385934
208.506651611
208.9972027805
209.6844071863
210.1386410299
210.361105999
210.8996045295
211.6868328911
212.1447956279
212.3741874274
212.8562399352
