13.1351668852
13.3457221114
13.563821395
13.9679544244
15.7964198629
15.992622376
16.1778534052
16.9903619108
18.1536326377
19.180432296
19.6379435878
20.1926887826
20.4189719035
22.218647503
22.4072759537
22.472857059
22.6357144972
22.7524578519
25.4693589283
25.6981558015
25.8804245014
26.0093782284
29.0418620148
29.1440869215
32.0219215013
32.170841037
32.8435527771
35.2308077453
35.4074802321
36.0541281927
39.0803163673
39.3367212207
39.6387447356
40.0560324119
41.7337405744
42.0845728157
42.3185551963
42.5966563183
42.8661577373
42.9880165485
43.3807650198
43.6898006864
44.0345569166
44.5054787562
44.7442725147
45.0164101866
45.3292187783
45.7533441242
48.170149299
48.2872430018
48.4990159369
51.4212574511
51.628336203
51.8059017541
52.1452686022
55.0620693673
55.3287037899
57.973401085
58.1290422461
58.7890394521
61.187499158
61.4135960955
61.9995262744
64.3637641335
64.5336934005
64.7734424908
65.2243976859
65.5876329364
65.817977003
66.109099827
66.4121527572
67.6768162841
68.0124911541
68.1882014467
68.817382086
69.2762150525
70.0370949024
70.5389874005
70.7099270522
71.1157276771
71.3920089225
72.1522530493
72.3247210898
72.5716238476
72.9164902209
74.1199541504
74.3259159251
74.6117074357
75.15298417
75.5575505839
76.6434411945
76.9726195844
77.2114810111
84.5135967187
84.9201643466
85.1460163811
85.5451927084
87.0981098502
87.4218649949
87.7376872213
88.1908777802
88.5088704754
89.2412121412
89.9464872118
90.1446683812
90.4464787455
90.7605950431
91.1663829422
93.6174090223
93.7769527071
93.9920238734
94.3602622071
96.8257596116
97.0385935751
97.268526881
97.6302274243
100.4592716444
100.5637042599
103.3954548772
103.7442200722
104.0584626864
106.5658307803
107.0113929374
107.3345036274
109.8404196397
109.9899283239
110.2150488392
110.4682216593
110.8884550228
111.20602721
111.5540438343
111.8206022185
113.1476240171
113.5118974957
113.6476418217
114.2089360674
114.6724171118
115.5307844932
116.00448015
116.1330339895
116.506249137
116.8653952051
117.5151752599
117.6889426906
117.9546331041
118.3395404335
119.5838348464
119.7585396488
120.0167803744
120.572297244
120.9881159366
122.0578261134
122.4118537909
122.6339346768
123.2610295422
123.5214676482
123.8823356636
124.2214171617
124.6178577962
125.044399162
125.2762531353
126.0559922816
126.3553375902
127.303045299
127.8336066455
128.1164396286
128.4751244578
129.5940892473
129.8457111111
130.5035290196
131.3259097767
132.4761767811
133.1444043909
135.7834128335
135.9942322633
136.152627227
136.3353748475
136.6540211717
138.5407889924
138.7424310812
138.9736899403
139.2839879273
139.5597924572
139.8572860504
140.1669573477
141.4552793035
141.9355322941
142.3456098366
142.6518678012
142.8460892055
145.5022608123
146.0912135356
147.9157390926
148.2871010645
148.6858046036
148.8884922127
149.1604647785
149.5869325173
149.8634422249
150.0775951621
150.3914904065
150.6874479034
152.027247583
152.3427299207
152.5615366259
153.1007164066
153.629617796
154.4208721563
154.9474400667
155.0772974065
155.3957687861
155.8099765826
156.4421685641
156.7101756435
156.8919097164
157.2709817644
158.4961536415
158.5919605928
158.8872799679
159.4369928376
159.8417911659
160.8719495136
161.2978234734
161.5013120553
162.0045043323
162.2094977568
162.4946052543
162.8833667376
163.1145501388
163.4244774507
163.744833607
165.0155498536
165.3410804821
165.5612245602
166.1102653601
166.5551267244
167.402819503
167.79843638
167.9528076913
168.3255241566
168.7969995153
169.4501902
169.6586932467
169.8700914552
170.2441734813
171.4416157592
171.6296441227
171.9275896829
172.4969980395
172.8465678059
173.7747727916
174.2926327327
174.5016455607
178.0056480702
178.4532334942
181.206552345
181.6551619996
182.8052316977
183.1292769701
184.4665559875
185.3549321323
194.1359514451
194.5592527589
195.747229675
196.1244761373
197.4571993938
197.861119578
