51.1984419551
51.4237950592
51.5590673957
51.7499317808
52.0019817114
52.3786464725
53.7803925118
54.0263356982
57.1673269593
57.3358035401
57.5199609065
57.9728656274
58.19257412
58.8243216129
60.4125121847
60.8539458601
64.0067849049
64.2592910108
64.4942907861
64.8585002029
65.219865374
66.7765394853
67.3437243442
70.4015033006
70.7932605184
71.0260643004
71.2562415876
71.6942214375
72.9529933191
73.2722185966
89.5637955298
89.7834224107
89.9976250991
90.2309035674
90.3594919518
92.167362547
92.2668951343
92.9115608712
96.0041728901
96.181290041
96.3960262972
96.8523048837
98.8019186867
99.3604461533
102.4031489786
102.6125800986
102.8916708234
103.0682093944
103.6377613261
105.0074819186
105.1845846958
105.8142574038
108.8301886652
109.003433742
109.1769312438
109.6164734457
111.6029587676
112.1615342174
115.2082390642
116.4412389692
117.8699588158
121.4921016692
124.1942426478
127.9280219744
128.6494651115
129.3294563699
130.8916505305
134.0587622999
134.8846952629
135.3395091975
137.2512039151
137.7867179783
142.0282621089
142.3751586293
143.0043781006
145.0497291413
145.4142092251
145.5393197705
146.1827100461
146.604518854
148.3482871855
148.8110766857
149.4306599549
149.9577527129
151.4845648674
151.7681009209
151.993898259
152.5602216579
152.9821179249
153.1931462552
154.7694356258
155.194996574
155.8015785413
157.4007290402
157.8211447689
158.1130813292
158.283467215
158.9918429495
159.4119668823
159.7475931459
172.8355583684
174.0394870316
175.2190410949
175.8442796801
179.4630282921
180.6727517842
182.071235726
182.6715034059
185.5726781016
186.2877814845
186.9566663161
187.7889368724
188.5345497012
189.0603286659
