10.1839201482
10.476141756
10.7469080646
11.2713194145
11.482348763
11.7057593241
13.1772711037
13.3562239283
13.6011249319
13.8784325397
19.5218163197
19.8782644367
20.1689476067
20.4860620764
20.7391423913
22.3159481131
22.4729444767
22.7497770097
23.0028756659
28.4551096505
28.6781143528
29.3512203822
30.7036105835
30.9238637729
31.0713807307
31.3932265961
31.6233374796
37.9040881741
38.1864967637
38.8464193685
39.7653754376
39.9016702641
40.1399382207
40.5608767804
40.9109214517
46.4487583151
46.6830161407
46.8984201867
47.5236268059
47.7559916534
47.9686944051
48.9086750831
49.0238999049
49.1427585806
49.2406340037
49.6128038696
49.8358716874
55.6054873541
55.8585193814
56.0912427027
56.7076171516
56.9324870287
57.1157200536
57.7786478914
58.0963921132
58.4150234465
58.8628285641
59.1350181054
65.2625377568
65.5398844196
65.8752352905
67.531316109
67.8183080809
68.1620610374
68.4760151154
69.8949127256
70.0869625516
70.3281094475
70.7240521393
71.051416792
72.1801864334
72.4644285152
72.7428940746
72.9829017712
74.4298371449
74.701885509
75.1105562983
76.691752229
76.9321557549
77.3158349453
77.6129101725
79.0344580854
79.2234738805
79.4877217911
79.7776463412
80.1746789238
81.3608949619
81.573906888
81.891810652
82.1062910875
92.487911356
92.7787310257
93.0316551028
93.5937745995
93.7591829694
94.0275485706
95.4888749784
95.6586613958
95.8882750061
101.8822992229
102.1372621185
102.4715648125
102.7355319069
103.0202690704
104.6115435028
104.7862257911
105.0427854629
105.2417552424
111.2373272481
111.5749151714
111.8085533732
111.9649615584
112.8131116962
113.0910954756
113.6245263161
113.9042497285
120.1715676588
120.3851251122
120.7431487923
120.9753631715
121.9063866521
122.1038625002
122.3196703244
123.0646349357
123.4667279525
129.0613877169
129.2170931312
129.5755262322
130.0278471115
130.3079668753
131.3005080551
131.6089937698
132.1630564659
138.467108799
138.741061044
139.0441005513
139.2184529588
139.3646252098
140.1698927225
140.3764239514
140.7719825488
141.1379632795
141.4326841744
147.5457751918
147.8078529394
148.1381961276
149.814953282
150.095044065
150.4773457511
150.7912685974
152.186790707
152.3845176289
152.6196625432
152.9508197607
153.3761537364
154.4896181647
154.7410020151
155.0121464281
155.3044404754
156.7247733149
156.9588522889
157.2884262253
158.9722035572
159.2262153926
159.6352348865
159.8525224617
161.3420475929
161.5251096267
161.7526678598
162.0422099149
162.4557567917
163.6205465473
163.9211758346
164.2155962461
164.3835568982
