40.6052237396
40.7647975361
40.9481435452
41.1072185669
41.2617838493
41.3989287572
41.5727246538
41.8992261758
42.2162314152
42.4815497198
42.6269208145
42.858849615
43.2763427066
43.461004666
43.7673745973
43.8836465032
44.210970378
45.654117137
45.7518930631
45.8672899011
46.012832886
46.1162353538
46.3903081471
46.4903798457
46.8248735812
46.9710311484
47.1450804781
47.5860148022
47.8900756881
48.1694446927
48.4960497374
48.7285015594
48.8334765054
48.9944144955
49.4023645672
50.7186613252
50.8636712806
50.9555656018
51.3211389931
51.5061753224
51.9510295192
53.1753529391
53.33147633
53.42766444
53.7622284928
54.0049150166
54.3824380397
55.5456448007
55.7893640538
55.9715574976
56.2885670904
56.468144176
56.7399715837
57.059153833
57.9655472023
58.2821483823
58.5112727975
58.7825314465
58.9672340071
69.9929748719
70.354997956
70.6433871098
70.7934308371
71.3026961191
71.6387781887
71.7360192005
71.9079419899
72.2171675335
72.4912665674
72.8501218374
73.1777765902
73.4089729266
73.5852750259
73.8916269467
74.929519967
75.0721645962
75.2565413118
75.4473039549
75.7109451892
76.0242238778
76.1594109987
76.2533132519
76.5257578463
76.843751121
77.1367581709
77.3087304916
77.4820670374
77.8093070442
78.0924403273
78.182308338
78.3866451051
78.5670488776
78.8562209708
80.3991302985
80.575736213
80.7395544546
81.0195104178
81.1902335746
81.6202512685
82.2015654747
82.5732794811
83.2017861118
83.7937038936
85.1254045135
85.2963375624
85.4544371353
85.5843158222
85.9194683774
86.128310821
88.117091413
89.9797327376
90.5789568839
90.8840260181
91.2082204869
91.5254347581
92.1566817107
92.4580747644
92.909327804
93.2709483359
93.4004998028
94.0062458122
94.9053611685
95.5188397727
95.8298135111
96.1407039878
96.4438897071
97.0877654954
97.4032807258
97.6504421204
97.9424317085
98.3177513541
98.5887807091
99.8023514482
100.4525623833
100.7881328839
101.090980414
101.4075327323
102.0354523827
102.3228337126
102.6144971837
103.2748843219
104.8020609012
105.3921614689
105.7143378465
106.0396071918
106.3658325161
107.0188357973
107.1168247407
107.2503733233
107.5694937733
107.8584211253
108.5210671141
129.8034335415
129.9679353099
130.0913688623
130.3351973235
130.5943743959
130.811174261
132.2751391997
134.7490877602
135.1087200997
135.4258069535
135.8918314501
137.3307192452
139.6676613878
139.7846571928
139.9391796757
140.091483883
140.5337178567
141.2343081608
142.1465776206
144.9369380227
145.3517465001
145.5126687192
146.085775061
147.1822097341
147.4344618119
148.0861588122
149.5953845605
149.8011113039
149.9503746838
150.2475311615
150.5671940014
150.7644665925
150.849152128
151.9884822201
152.1899035457
152.4376114176
152.7263885034
153.0039365723
154.607045856
154.8084723249
154.918871689
155.2493455202
155.4016887881
155.7135901825
155.8751740967
156.0713609702
156.1766351099
156.9668879431
157.0697319909
157.207546939
157.4020903517
159.2301241438
159.846662102
160.1650650239
160.4737256338
160.7774533313
161.435645465
161.7244477287
162.1734676997
162.489565878
162.6651434956
163.2550715215
164.1952795342
164.7868040073
165.1164647615
165.4217283576
165.7287498195
166.3648501012
166.6926534152
167.0066657844
167.2482354476
167.5986152611
167.8433017148
169.1281099188
169.7382524309
170.0485619251
170.3613198737
170.6827111842
171.308057847
171.6415599749
171.8863487592
172.5679288514
174.1360081403
174.6856311639
175.0081104479
175.3123952378
175.6325460004
176.2747774897
176.4441559361
176.5450693082
176.8544358729
177.1779421565
177.7871656916
181.8310612253
182.1647253698
182.7163143114
238.4213999726
239.1269862734
239.4249232373
239.708059741
239.9959706422
240.7769544048
240.9332654269
241.4154106298
242.0228133867
242.1360224706
242.5562393789
243.3793269811
243.9873019326
244.3170559258
244.6498252943
244.9413800717
245.4710300278
245.7294647121
245.9222717083
246.6538559908
246.9108518315
247.1315024473
248.3284648202
248.9809103627
249.2942655304
249.5796255217
249.8806073261
250.7358005538
250.8503224788
251.3398799096
251.9248868834
252.0501329334
252.4493618208
253.2729048704
253.952173428
254.2428928427
254.5380344296
254.867347781
255.3164195859
255.6134031301
255.7627921321
256.538235123
256.7984290832
256.9468179769
266.4439710255
266.6833461398
266.9102823293
267.2367229822
267.3987088596
267.5325567994
271.4223312398
271.6969908254
271.970659555
275.0456619606
275.362300181
275.5939065846
