8.755939638
9.2029552972
9.8037081538
10.2717673819
10.6240731541
10.9389534154
11.4762355898
12.0336203067
12.4500232057
12.8233304885
13.1016345942
17.3817191375
17.9153694976
18.4926913118
19.0752812406
19.3060311919
19.5990423439
19.8432270416
20.1492229002
20.7109092901
21.2695343956
21.5627667323
21.8578736224
23.3588424032
23.7456023605
24.034459277
25.9320105396
26.0933510312
26.4444122648
26.5728720473
27.4404787017
27.755761717
28.0801424634
28.1675443493
28.3295001749
28.6586970303
28.779893337
29.1841270297
29.6573468301
30.1044349224
30.5383101668
32.4357429695
34.5799320123
34.9369879239
35.4144410145
35.8920579268
36.5635392562
36.7889833195
37.0742322014
37.5355934892
38.0348173439
38.732787989
39.0003105654
40.7774235915
41.0166636342
41.2234336297
41.5289565335
42.8211909455
43.2890983149
43.6277724002
43.8691965544
44.0645659432
44.8660226547
45.1695864913
45.2738357468
45.3977616289
45.5588006038
45.6868546975
45.8442147525
47.1928497637
47.3061109409
47.4417373129
47.7179808324
47.8657084165
47.9991682504
48.2246794977
48.4265338297
50.1896399731
50.3869577241
50.6253040321
50.9884424297
51.2970007328
51.6154036575
51.795905425
52.1121176963
52.4318178565
52.6620526902
52.8686311444
53.5846554251
53.7283164533
53.9709507789
54.1257797408
54.2617637798
54.3668529265
54.5747026828
55.8818447446
56.001206465
56.0747760647
56.3357993498
56.4931209112
56.6533735827
56.9894860131
57.1650738749
58.6182819941
58.7643183658
58.9075523124
59.1663730592
59.3297449915
59.7500750367
59.8515895099
60.0573572591
60.2531240407
60.4290918285
61.2399414661
64.0764576432
64.2319406864
64.3227241507
64.5377257435
64.7173579205
64.9013999613
65.1028506339
68.3128290257
68.5019160103
68.6862836378
68.9033181222
69.0887623724
69.2685965826
69.4533958308
72.5806754899
72.8077975136
72.9908677648
73.0706935257
73.3240645018
73.4677500915
73.6260998086
73.8209404164
77.08791981
77.2609714773
77.3966210989
77.6149130342
77.8163244406
77.9794020668
78.1763099981
79.2017606861
79.3640457395
79.6305322222
79.887985926
80.0129324029
80.1140085288
80.4353197985
81.3869146163
81.5282650557
81.6470974953
81.7819757608
82.0246235025
82.1914814024
82.3516944033
82.5727477757
83.0046922743
83.2453181124
83.5625592505
84.0619095928
84.5597844546
84.7914461038
85.0894514244
85.3591906588
85.6078308675
86.7207518416
87.0285451674
87.2672484297
88.9170826781
89.2024054397
89.5079220545
90.8430446156
91.0940279967
91.3828771386
91.9145692353
92.182521871
92.5792819267
93.218908945
93.5116925743
94.3558026555
95.3485902674
95.5490531436
95.6977188623
95.8704253814
97.6595148528
97.9055472809
98.1797560321
99.5047923272
100.0620311572
100.3307621705
100.6110918097
100.7909985414
101.611580113
101.9219738686
102.2597497676
102.3677246594
102.5237841912
102.8510210753
103.0068719086
103.3913161025
103.8121334121
104.2979625211
104.7048586622
106.572197415
108.3936409005
108.8167034201
109.3391672372
109.6561522582
110.0437967152
110.7207851768
110.9277611352
111.7947742739
112.7557330501
112.8929678999
113.1109461963
113.5144363732
114.889781376
115.0504420423
115.3600456301
115.5052249454
117.4794641858
117.7747362301
118.0318459402
118.2720293697
119.0424897203
119.3508112164
119.4715068584
119.6195083987
119.7442669854
119.8955787497
120.0250158722
121.3573258108
121.5104779776
121.6413175535
121.8640129741
122.0503349825
122.2238443004
122.4056269759
122.5886144835
124.3835326255
124.5820603273
124.7506852135
125.1003562229
125.3558455003
125.6791541088
125.8559682379
126.2126392609
126.4934062042
126.7652379827
127.0378324299
127.7568639977
127.9356168606
128.1160843906
128.2927992177
128.4240674689
128.5505386764
128.7369914058
130.0251435953
130.1587355588
130.2851956486
130.4819386461
130.6393205298
130.8261660262
131.2088963612
131.5301699637
132.7549563802
132.9182869904
133.1303315825
133.3432143937
133.506699522
133.8875861843
134.0463759065
134.21846925
134.4228275338
134.6375630923
135.4379878937
138.254261634
138.4538981791
138.5244103837
138.7466498957
138.928601898
139.1066908219
139.2872146042
142.6079278478
142.747452521
142.852737435
143.1285759837
143.3157121107
143.4694932396
143.6495622318
146.8216450319
146.9986802973
147.1640197832
147.2541621699
147.5245573287
147.6904730809
147.8422513495
148.0130692554
151.3280286508
151.4683312723
151.5937268428
151.7939186026
151.9731938287
152.1694472088
152.3429846907
153.3820903631
153.5810090897
153.8562432198
154.083813341
154.2720225085
154.4307988552
154.664558328
155.5583064509
155.677612383
155.8133301085
155.9579467682
156.1933312624
156.3782458348
156.5670411234
156.7550019338
157.0835679407
157.321674752
157.518359391
158.3265556923
158.5073560283
158.7058554457
158.8774414965
159.0156856787
159.1485970598
159.2742104107
160.0734989673
160.223803232
160.3343616524
160.6001111013
160.7598933542
160.9078940149
161.0944953745
161.5693275503
161.7192812834
161.880131261
163.6824371866
163.8641693606
164.0419099512
164.3442799398
164.4594223076
164.6017658369
164.7050157274
164.9698645397
165.162301424
165.2927806992
165.4564204397
165.8790694934
166.1004316652
166.2847590189
166.9970082029
167.1823716023
167.4767019979
167.6001433987
167.760897238
167.8586401328
168.0586032999
168.7949598422
168.9256092846
169.0370628857
169.2587621662
169.4356646189
169.6341466328
169.8238586561
169.9907804432
170.1282199678
170.2498732422
170.5357495745
170.6660087948
170.940101764
171.1610657593
171.3299329916
171.5068864406
171.6314925105
171.7211323917
172.0843336746
172.9869662747
173.1760138594
173.3071881394
173.4070914451
173.6463408922
173.8525861251
174.0232055071
174.2251645455
174.5574738703
177.4935200025
177.6734928918
177.7907265775
177.9924496735
178.1589056112
178.3458912555
178.5644526823
181.8917963907
182.0087097074
182.1211071341
182.3758603254
182.6076931282
182.7575822613
182.9148620418
186.2402091245
186.3786194434
186.4545100039
186.7513948383
186.9211281792
187.1115404084
187.2980950669
190.4886324405
190.675790353
190.8607907709
191.0989564721
191.3268626445
191.4816674024
191.6623910625
194.877310447
195.022453369
195.1802096089
195.2807478708
195.4852050101
195.7197765277
195.847727041
196.0007636857
199.1395237236
199.3162926924
199.4712030959
199.5897493366
199.8034438686
200.0639372678
200.2509780399
200.399045915
203.9572356909
204.1821591674
204.4348230445
204.5707533565
204.7208386786
