18.4456743032
18.7543030799
18.9444704715
20.6239026262
20.8515360388
21.0694692734
21.6486412671
22.6290457787
22.8779763181
23.2041866452
24.8603958605
25.4274078029
25.8883795803
27.7849457995
28.3823358367
28.8808097009
29.6517866191
30.3727244057
35.5750533422
35.8597293923
36.1845643407
36.6360182972
37.8915796091
38.2692019971
39.8567780168
40.3544479061
41.9046990632
42.165346456
42.4116118747
42.8761058311
44.9461338512
46.1177170757
46.5682532712
46.9353634089
47.4605757435
48.507255827
53.8258247029
54.1156902884
54.6110571124
54.9401053095
55.4621547632
57.5541883216
57.8245268257
58.4019655901
58.598542283
59.1172492058
59.67399108
61.8476991709
62.1083734292
62.8276779083
63.4485136404
63.9554685783
64.5257629174
65.076016323
66.1659715202
70.3625524015
70.6034177735
71.2492283477
71.757089353
72.064993214
72.4767783074
74.9153608248
76.3309687678
79.2688286381
79.7826872621
80.2063199534
80.8068893977
81.202419055
81.7788928225
87.0246909926
87.3034821816
87.6366005471
89.0845735715
89.4351370437
89.72235423
91.3361481816
91.6293322048
91.8121899923
93.4406799325
96.2820789984
97.4397275512
97.7925959208
98.0246269857
98.8505331181
99.9337059027
104.1485000765
104.4667352451
104.7388797206
106.2813865093
106.603316004
106.915266933
108.3689607085
108.7301101426
108.9112124566
110.502605474
113.4497354037
114.0656764267
114.578878542
114.856460718
115.1483810915
115.4056100144
116.9991824993
138.9048853004
139.2474348355
139.7685570289
140.3313093781
140.6748072944
143.3032853977
143.5440820246
143.9524655931
144.3772800791
144.9098984066
147.5718351139
147.8904475623
149.4359179102
150.3355697162
150.7534512822
155.5876554966
155.9333753557
156.1661436398
157.690620472
158.0129441774
158.2911718477
159.8503118816
160.366303871
160.9560993803
161.9566040844
162.3269740153
162.4696895526
164.9491476162
166.3739556926
167.9454382234
168.4747138905
172.8037495982
173.3155162759
174.9320711176
175.2295705061
175.4277326545
176.9745681317
177.382178727
177.6001227933
179.1509281108
179.4499132486
179.7126045267
180.187406599
182.1740062152
183.1985835797
183.818709201
184.1094905622
184.8215473719
185.6451049793
191.7206612569
194.1882841159
194.4576562595
194.740011328
207.08952845
207.3834128021
207.579613544
211.378147904
211.6446905465
211.8098193716
216.5143660188
