10.398027623
10.8821030124
11.0431719485
11.3974144798
11.5811398822
13.0110387771
13.673059752
13.8758723532
14.3717345678
15.9667787623
16.4895746407
16.8074708784
17.1273605777
17.8544605894
18.6185350478
19.2725815544
19.7629312009
20.0305754706
21.5399637877
22.0970369796
22.428357357
22.7517163969
24.0816534617
24.2107933725
24.6319437732
24.8203501391
25.2834969417
25.4901541295
27.041031361
27.60537414
27.8835690487
28.1959868985
28.761044973
28.9424996581
29.2369433187
29.7355086379
30.3654965904
30.7238109246
30.9225178804
33.96531894
34.4991627102
34.7729282823
35.2193718143
35.8612011438
36.6318871957
37.2235721119
37.4349649846
37.9601817621
39.4949739952
40.0255968992
40.3967018546
40.7376691086
41.1315273749
41.6309198828
41.9752873649
42.3741327221
43.0330313524
43.3686810335
43.4882196534
45.075701082
45.7978612781
46.0077171845
46.2725335996
47.6686493624
47.8225360125
48.1753244476
48.3466322832
48.8525703742
49.0772108271
50.6366382455
51.2224564399
51.5032428988
51.8008570314
52.29368904
52.5356358448
53.409545592
53.9917514893
54.4357614701
54.630000172
55.3335332602
55.6759717132
56.1724228356
56.9251921449
57.3481429914
58.9775069145
59.6466784073
60.1450391798
60.9316855585
61.1517766389
61.7188309242
62.935453801
63.5661722765
64.1725236995
66.4400353638
66.9280313459
67.2662368499
68.5113548965
69.2128199485
69.7138605365
70.0296310965
71.1978243027
71.9456921595
72.3458480574
72.8127403763
75.6086136509
77.4755552556
78.338751054
79.6033574224
80.2994138765
80.7922978593
86.6829624662
87.1625587727
87.3811311092
87.9370582266
89.0073232831
89.2794520809
89.463318852
89.8031894719
92.0746422362
92.2750168781
92.7712470978
93.0508739576
93.4113074431
94.8024126193
95.0737770478
95.6661026748
96.0296739559
96.2675709229
97.7606572289
98.0334498872
98.3698486195
98.9983154014
99.2964385426
100.4006816531
100.5798209123
100.9119631711
101.1128606255
101.608139294
101.8370540536
103.2955922121
103.5056151283
103.8832597058
104.1944855881
104.5328004482
106.099768109
106.6889472798
107.1457978803
108.0043323612
108.3718979273
108.8641336337
109.5501909064
109.9932665564
111.6663405758
112.3097324263
112.7871790141
113.6259825768
113.8762316055
114.4263037666
115.6438843427
116.3106567623
116.8574344555
119.0790517122
119.5770795992
119.9421463389
120.6640654686
121.1978479174
122.5859564692
123.4441388457
123.9321647519
124.6230918765
124.9795365831
125.4826418043
128.2735297065
130.1991369334
131.1230556995
132.3302672547
132.9591964099
133.4934144691
157.9498331297
158.3273320108
158.8194158865
159.5066274409
159.9645507528
161.5997086184
162.2743497997
162.8168222276
163.5391666167
163.7935088608
164.3544150467
165.6053046502
166.2965600293
166.7986618148
169.0382887988
169.5367852572
169.8956274832
170.6065296604
171.1361268404
172.5408360793
173.3581418051
173.8683168468
174.5558292861
174.904414216
175.4614134897
177.355666386
177.8572028179
178.2283085906
178.9257501083
179.3755610674
180.9950362918
181.708567419
182.2410900318
182.9500765162
183.1706734617
183.7766660675
185.0432965184
185.7292312398
186.2134050989
188.4568895121
188.9899379606
189.3192119132
190.4975754917
191.3498700788
191.7904933344
192.1071768319
192.7323365844
193.2587830401
193.9771775064
194.2776869963
194.8567931703
197.6193595609
199.5568336599
200.361303376
201.6454146527
202.3347930154
202.8458080386
