14.6279866782
14.8242523226
15.0118381655
15.8946716579
16.5765461703
16.9704271616
17.1846232014
17.9802656465
18.2126095657
18.3675982487
19.2571577219
19.5431474117
19.9338668444
20.3706113055
20.5331388907
21.4323030906
21.726517887
22.7203180371
22.9760644275
23.4009978983
23.8239322448
24.2536961501
24.696013022
25.1149284512
28.2790116896
28.5058110829
28.7402278084
29.5683136482
30.2754934307
30.676012868
30.8990685833
31.7242488852
32.1522813844
33.0047190922
33.2572974992
33.6793203808
35.1609233219
35.4035116533
35.6486462404
36.4536793588
36.7099090276
36.9774922478
37.4941220995
37.6891198069
38.6735569262
38.8261538853
39.3033171052
39.4731353927
40.7551712988
41.0294984305
41.3880034802
41.8253881038
42.252822206
42.6748939786
43.1495979585
44.155381268
44.4057680936
44.8076511773
45.2540151543
45.5969611426
46.5172086994
47.3973487115
47.5948431186
47.9644997563
48.2562046002
49.0983484616
49.3120924011
49.7529903141
50.1233748087
50.7539845854
51.0097309537
51.4377858401
51.8634225657
52.3177368289
52.5414418158
52.7377864569
53.6143817403
83.1390221302
83.3598320036
84.4568621707
84.6942342055
85.0856298162
85.5414171327
85.7031172423
86.1999917559
86.5690977364
86.8577433754
87.2163803693
87.3551946544
87.8622469203
88.130224803
88.5334330366
89.0801250048
89.9883906994
90.2045639401
90.3468378784
91.0574221625
91.287212199
91.500180157
91.9512973894
92.7305337926
93.6340113758
95.7500674097
95.9788794026
96.3315049759
96.655728947
96.8744999799
97.103146762
97.3257868132
97.947275777
98.5177170391
99.4503243634
99.8848467613
100.7014928222
100.9183494336
101.1448459713
101.3958490408
102.8267099115
103.2652910438
103.7800128252
104.0137726754
104.2010049938
104.5951279697
104.824213859
105.4444380868
105.7479276658
105.8981825843
106.3224442576
107.3057947906
107.5821949185
107.8049313526
108.0201542629
108.2477986326
109.040054683
109.3130093865
109.7372643343
109.9769661094
110.8041546696
111.0291701368
111.464406892
111.8570211102
112.4912506028
112.7516299567
113.1710807123
113.5789595898
113.9936949509
114.227569616
114.470620668
115.3041906146
115.9375594089
116.1653360125
116.6146367858
117.6580422405
117.8927041439
118.2858140878
118.6634894385
119.3917117746
119.6127011991
120.0432568356
120.3936651453
120.8906110408
121.0884528119
121.3198561573
122.8387577004
123.0361731617
123.4691253613
123.7718907594
155.1768350918
155.6010010883
156.0017117846
156.2830526336
158.5285306165
158.8164018171
159.875793142
162.0267319062
162.4557954499
162.8935364563
165.3374302893
165.8843292538
166.9578035134
167.5390463194
168.0149765204
168.3023897264
