54.6666278308
54.8456074501
55.7841323211
56.0329665111
56.5533584508
56.9503289218
57.876640907
58.3234692815
58.5255247738
58.7536718591
58.9217165992
60.0108897747
61.0626264883
62.9011223601
63.7209603081
64.2670717671
64.5083783556
65.2666440427
66.7303300315
67.0672698224
67.4980773705
67.7650881502
67.9875331019
68.4402414385
68.7694556494
68.9732533594
70.2792924405
70.9334878386
71.8104356645
72.414163615
72.8512794321
75.0230875465
75.4981711711
75.764495401
76.1978684685
77.0146979375
77.4302096825
78.2417523651
78.5593146407
78.7269144789
79.0316326438
79.7673711623
80.3959727669
81.2676597919
81.9660370224
82.9357364171
83.4925232732
84.386580323
85.0498738332
85.3300167246
85.7438862698
86.4600866649
87.023773114
87.7722601767
88.5074481421
92.6434249511
93.7204031891
94.0272466441
94.5065279741
94.6880586912
94.9244782694
96.2638319931
96.4962583351
97.96904495
99.0022901235
100.7780038194
101.0253336586
101.5286812504
102.1751214479
102.4953110172
102.9220168122
104.7004551161
105.7252183519
105.9678569729
106.34876891
106.4625106401
106.7724355632
106.9496043654
108.4847157198
108.7666338451
108.9787144564
109.6912158485
109.8766793577
110.3853245519
110.7038719595
110.8758905174
112.9935043431
113.5033874963
113.7782905488
114.2297275434
115.0023059228
115.3235944626
116.1748627568
116.5437628859
116.760288988
117.0193644845
117.764235403
118.3223771927
119.2253227063
119.9016891853
121.0207037487
121.4890081417
122.3894760905
123.0398409549
123.3151632253
123.7460712964
124.479987664
125.0369575183
125.7772884653
126.5153024192
128.3663924742
128.8825543558
129.4945587444
130.0028131236
130.9657243934
131.5125280491
131.9606269646
132.9921243194
133.5071974403
134.051119022
134.9724330301
136.0480665406
136.9475537596
137.5176484468
138.0048675123
138.8870794017
139.5143703141
139.9988718617
140.9809530004
141.8594836067
142.9213932508
143.9803555189
144.9571206885
177.5028347477
178.0170974375
178.2919797007
178.5215953066
179.2997234335
179.6029335083
180.2249482472
180.4848050269
180.7435877485
180.9385251679
181.7638892818
182.4137147244
183.2504537141
184.0091985802
184.7809413704
185.4693171161
186.3681043437
187.0468904745
187.3690161439
187.7173211537
188.4107680957
189.0169507283
189.7412534142
190.486743112
192.5392696996
192.9962788986
193.5396367055
193.9888497174
194.84623336
195.4840462436
196.0027084434
196.9947686169
197.4773216603
198.003897942
198.9440464026
199.9158525867
201.0688063067
201.4944235776
201.9919991886
202.8574807736
203.5109682274
204.0212761086
204.7230522283
205.8109690349
206.9238143193
207.9590684592
208.5344349261
208.9184189842
209.5351826903
210.0268298779
210.8237072431
211.5079237806
212.0373655092
213.047110919
213.5104649186
213.9742439319
214.9399968347
216.019432603
216.9439688014
217.4899034302
218.0041061785
218.8764698464
219.3882534859
219.9165026259
220.7846862252
221.8333509201
222.917559321
224.0210904582
224.9231115422
