5.9666143394
6.421780804
6.687567455
7.1861224771
7.4615393137
8.0073205751
8.2381811027
8.7361724727
12.4058769365
12.8923970174
13.304935918
13.5356363599
13.7236552014
18.1422653679
18.5286852004
18.8875928409
19.2434988007
19.6363950562
20.0170818828
20.6940900504
23.9954050826
24.4789446713
24.7270508268
25.1321062041
25.4673829947
25.818923445
26.197067179
26.5576000296
29.8328922699
30.1924563253
30.5803554458
30.9312511832
31.2992043379
31.679223613
31.8739036873
32.281137779
33.8791148134
34.4563940867
34.9655346876
35.3791403597
36.0562874381
36.8197009765
37.3559727799
37.9380109438
38.2476752415
41.1707866096
41.3317057966
41.5726920054
41.7672601676
42.2490986534
42.5661753864
42.7256378126
43.221024214
43.3467365553
43.5633648139
43.736887676
43.9705685894
44.3575570919
44.4880022857
44.6233038723
44.8144786014
45.0032454974
45.1821224968
45.366207319
45.529399604
45.612382772
46.3199730985
46.8457714346
47.022921855
47.2117606255
47.412939073
47.7941080384
48.4710676544
48.6407827857
48.8614444668
49.1862213948
49.3455002174
49.5136474928
49.7067826169
49.9307353549
50.0890486044
50.2709278442
50.6345515046
50.8567384469
51.2467544062
51.4187721607
51.6368168721
51.7826822392
51.9971256505
52.1703534049
52.7379291238
53.4347506858
53.6124840031
53.82678366
53.9876899215
54.2071895941
55.1159796116
55.2551014599
55.3301237236
56.1808662786
56.3154921934
56.4227087251
56.7292958293
56.9205497923
57.0846393168
57.2287679131
57.8486355595
58.0214211413
58.1660442576
58.364909631
58.7464499661
58.9124308271
59.0488298368
59.342812175
59.4820563128
59.6165146223
59.8358264625
60.1413200978
60.8060120911
60.9375450785
61.2640479581
61.4426735099
61.6181025898
61.7690010078
61.8627107863
62.1854329671
62.3218387943
62.5887565709
62.7090064451
63.0951261789
63.2969538365
63.6450812627
63.8727722458
64.0936599956
64.4548226156
64.7556484319
64.9659948829
65.3827892076
65.514848456
65.6948673337
65.9970541539
66.228346826
66.6108750139
66.7659876324
67.0328552953
67.4732808133
67.6740340159
67.9077012833
68.2437379072
68.3904860878
68.5075379112
68.70826718
68.9183746905
69.4429613525
69.5815966408
70.4111769461
70.6168810284
70.8303802098
71.0553541724
71.3525933531
71.4997055208
71.7464946429
71.9191976358
72.055801139
72.3106756159
72.429013225
72.5758370236
72.9880626847
73.1716904648
73.3744344367
73.5006535823
73.715060029
73.9267872429
74.2859565058
74.3884428711
74.6667949897
75.0011926413
75.3646844108
75.5178278427
76.2913427564
76.4354287288
76.5400589224
77.0044275231
77.1643199106
77.3471617728
77.7278987496
78.2916250065
78.4420787755
78.6435027557
79.185602985
79.3817103616
79.4981254906
79.722344643
79.8858231429
80.1119478425
80.2703822501
80.6253813423
81.2323490718
81.3989647639
81.6948306622
81.8260657919
81.9676587633
82.1782994265
82.5389290438
82.8894320824
83.054868819
83.2129505902
83.4190087643
83.573720061
83.9503385657
84.5156937356
85.2389805669
85.40159073
85.6608844941
85.7861939668
86.5318867672
86.6975796189
86.8956731768
87.2623377741
88.3865405411
88.7984671665
89.1262075359
89.488892012
89.8697468646
90.2108193076
90.961609731
94.2463124111
94.7178285481
94.9738899321
95.3313983793
95.7522060618
96.0688097541
96.4461058195
96.8075644295
100.0847791097
100.4848245709
100.8426629575
101.1830984483
101.5630002173
101.9171783613
102.1266942666
102.615777298
104.1073865624
104.7078436015
105.2050968759
105.6601950625
106.3380756802
107.0397228037
107.6648357232
108.155096182
108.5219413794
111.2517146486
111.4195689857
111.8136020847
112.1810751506
112.7170027021
112.8420454737
113.2260264545
113.6088883048
113.6835144812
114.146208788
114.3177781703
114.6692606999
115.2481329162
115.3831772785
115.6351899426
115.8727779523
116.5676742764
116.6730392916
116.7972858646
117.2534551938
117.4546381502
117.63643331
117.9201487336
118.1741933105
118.6676593218
118.9063725585
119.089650248
119.4396487619
119.6208032237
119.9877740071
120.1331757219
120.4080914265
120.9443525923
121.1225748703
121.3224750283
121.4989308998
121.6854172453
121.8139353386
122.4078446933
123.1508114602
123.3317837598
123.4920736688
123.8558013054
123.9776655156
124.1122804913
124.6102493938
125.1105887365
125.3193652359
125.7870131648
126.0129307497
126.4127277829
126.6058792487
126.7430867909
127.1390946344
128.4277154554
128.5477648
128.7878121509
128.9522703728
129.1163780065
129.3107997313
129.4345510449
129.6833910103
130.0243861221
130.1933913918
130.405096218
130.9327493955
131.112789169
131.483864663
131.7026129145
131.8841730767
132.0340378724
132.2021827475
132.3843159922
132.4952652729
132.7338780042
132.9754756648
133.1961027024
133.3585073912
133.5275417877
133.7210674688
134.8009527159
135.1943270381
135.3813573821
135.5563622762
135.9501672864
136.1864084821
136.570768515
136.6659806829
136.8325380862
137.0473349588
137.7746865225
137.9300979458
138.0614975256
138.4634688723
138.8374290678
139.0027272425
139.1882885819
139.5674485385
139.7629941347
139.9612229057
140.61322739
140.8503646377
141.0172488598
141.2160841893
141.4389546142
142.1656949109
142.5374529315
142.7307818296
143.2640842513
143.7630931245
144.3271406322
144.5445417148
144.9196058443
145.0128255523
145.2462416657
145.4219831653
145.6478444966
145.8501609498
146.450646185
147.035900992
147.2190643486
147.5866106718
148.2381683646
148.9383369499
149.1096957692
149.4556302427
149.5835964864
149.7714334147
150.3374643571
150.7606410416
150.8686993703
150.9365743385
151.1093375824
151.3235325649
151.8462512545
152.0075161986
152.1960118817
152.406475733
152.6532962899
153.1192946981
153.279360603
153.4632891593
153.7123807063
153.8777386161
154.2344547335
154.7454370305
155.501169772
155.6561884001
155.8929849188
156.0743986624
156.7621578926
156.9351364264
157.1604468537
157.5350818987
158.645938657
159.0286162306
159.3679038782
159.7292139918
160.0741766824
160.4235622021
161.1437489967
164.4728945093
164.8842911043
165.1503211085
165.5991677783
165.9622721291
166.283807152
166.6485610443
167.0055694029
170.278481855
170.6714035644
171.0453526777
171.4150549409
171.8034751929
172.1214375806
172.3533102644
172.8046293551
174.3115946554
174.9263982011
175.4026209874
175.8539734636
176.5338761577
177.2584404876
177.8400396451
178.3655514843
178.7753240605
182.0662934515
182.4436188541
182.8457662719
183.2075878331
183.5691436005
183.8856217672
184.579113384
184.8374388569
184.9015893951
184.9847567669
185.2805668564
185.6615848382
186.0808460028
186.4382758904
187.9170726765
188.2954850634
188.6096742858
188.9947940043
189.42449514
189.6983951925
190.0780990796
190.4148471468
190.5567145358
190.6936114493
190.8471434585
191.2090090909
191.5346571654
191.9426303199
193.7693827326
194.1151028106
194.5068658077
194.8689644204
195.2312250665
195.5618023137
195.8868334181
196.270537097
196.592404958
196.7330097638
197.0047001797
197.364170067
197.774224501
197.8125249794
198.4068173962
198.8855665766
199.2968810624
199.4842546525
199.6455265606
199.7635033896
199.8424317263
200.010334487
200.7186836784
201.2548831228
201.7999598215
202.1385275884
202.2858830832
202.4416800082
202.5496177313
202.9551833289
