15.9496276735
16.2358971984
16.3049242817
16.4000995499
16.6406861679
16.7430752531
17.0061515073
17.3172726904
17.4188113603
17.5819198397
17.8398236149
18.1088054833
18.2208418745
18.4005610883
18.7246090414
18.9097471252
18.9803869212
19.1860298
19.9974895377
20.5184635084
20.6208594334
20.7612854283
21.0728136247
21.4151101066
21.5765145845
21.9234046372
22.1042624323
22.1985534401
22.3813790673
22.6904181585
23.027561516
23.1931050423
23.5326266013
23.8323211717
23.9764176573
24.3040903543
24.5150042844
24.6056841156
24.7893952188
25.2552778851
25.3645461653
25.6007158702
26.3894038377
26.6358134292
26.9933936878
27.165654747
27.4601341143
27.9859508906
28.3199742283
28.4975922323
28.597877416
28.7955382337
29.04054008
29.5996360782
29.8778187016
30.1899404755
30.3518583762
30.6684712813
30.9612773988
31.1765938808
31.5214166896
31.8525931495
32.0145667008
32.2813679398
32.5901325411
32.7829853195
33.1411977251
33.2854066994
33.399817591
33.5540115185
33.8394795872
34.4003201068
34.7499281621
34.8971418597
34.9782581998
35.1133865181
35.4064612713
35.7349194609
35.9908320835
36.2161421986
36.5284411459
36.5947083549
36.769482116
37.0696984482
37.4018242856
37.6012583939
37.7849543838
38.0647021028
38.190363159
38.3617458588
38.4132326116
38.6719663244
38.8487946984
39.0253264825
39.2420000707
39.5902201638
39.8522478263
40.0351446746
40.3987244486
40.593846354
40.9416762833
41.1105285617
41.5476358274
41.8435144881
42.0195821427
42.1960571322
42.3852712586
42.8398851202
43.0359859277
43.2067861841
43.3916009776
43.5179373072
43.977204068
44.1692430729
44.3905960887
44.7905880672
45.0410299493
45.2063464175
45.3946340852
45.5745449317
45.9853795476
46.2283949401
46.4401923082
46.807221283
47.1492644362
47.4102476462
47.5329217566
48.0177223754
48.226040852
48.3986830346
48.5947454031
48.7755332211
49.2461235635
49.3913573631
49.6037408049
49.8067230526
49.9278462617
50.3916635326
50.6049295239
50.8312822628
51.19910601
51.4335052701
51.6024221903
51.7521705557
52.0394753995
52.4003147516
52.513079986
52.5965244194
52.6678642558
52.7660868426
52.9804165722
53.178191479
53.3441637397
53.6735784298
53.9899167026
54.391429847
54.62614058
54.8704044566
55.0657399006
55.2670410632
55.6034554351
55.7232443485
55.8221371544
55.9201588447
55.9900441863
56.1935352565
56.3922553759
56.5475826012
56.7893937841
57.2262568795
57.5894137967
57.7972270979
58.0221191556
58.2084666535
58.4686952089
58.814603157
58.902592768
59.0056129017
59.0911896462
59.1617658034
59.4171970856
59.6027516734
59.8208161325
60.0261619634
60.4195778037
60.8103927578
61.0044023455
61.2119947593
61.4202111246
61.6584714541
61.9774781753
62.1067409904
62.2043656598
62.2926537281
62.362043806
62.6041211408
62.7972842028
62.9768603651
63.1832333376
63.5732227175
67.1109088259
67.3955322688
67.4750552593
67.5854559041
67.8241983884
67.9171637497
68.2339896683
68.5194452696
68.6048638305
68.7788024879
69.1205014756
69.2688267407
69.3564881089
69.5767183795
69.7824551674
69.88787082
70.1006577279
70.1817256501
70.3438097018
71.1843775077
71.7783116755
71.8338729369
72.0282329245
72.6014349972
72.7928096044
73.0736955305
73.3143581011
73.4105125073
73.5920453186
74.1654807449
74.382608023
74.6639579691
74.8978417253
75.0047981673
75.1960509175
75.3558195372
75.6803969756
75.7879544815
75.9999064854
76.2569153181
76.6039490582
76.8074396571
77.6049206653
77.8704006991
78.1281940151
78.2244389677
78.3752422673
79.2121744277
79.4596402598
79.769841365
79.960856298
80.7874497056
81.0733217296
81.3514220627
81.5184282085
82.3928191406
82.7124993646
82.9176013493
82.9946025864
83.1799607005
83.6590481567
83.821467681
83.9579039454
84.6331957021
84.8293072013
85.2656270464
85.4425673783
85.6016764533
85.9097691511
86.1462824645
86.3854390173
86.8116300124
86.981944167
87.1912192402
87.7757382871
87.8998271481
88.4045428173
88.5368490175
88.6523862661
89.3687471332
89.5865444285
89.7336377385
89.8728825789
90.0401466808
90.2127870996
90.3813156529
90.8349513869
91.0510593607
91.2609619269
91.5981505124
91.8054143408
92.2107593015
92.3464768287
92.8077959087
93.0377169486
93.2760632954
93.438600369
93.6598355864
93.9866640282
94.2130785028
94.3889220784
94.5899618975
94.7185219171
95.1903157482
95.3984066328
95.6233708119
95.9991964251
96.2478395542
96.408166254
96.6105275624
96.798923472
97.2297581784
97.4492303745
97.6190945367
98.0164005268
98.2007099668
98.5691484694
98.7153217998
99.208628313
99.4364415686
99.5916049091
99.8300684866
100.0044326773
100.4438662067
100.6154084071
100.7839921685
101.0134379458
101.124210329
101.5952408357
101.7976251007
102.0147281113
102.4015131572
102.5397183791
102.7950816778
103.008268034
103.2608676378
103.6054746712
103.7171708676
103.7958056585
103.8854151157
103.9550671424
104.2036657911
104.3837046727
104.58172594
104.8789141645
105.1682000799
105.5818398608
105.8100389991
106.0082016287
106.2040231721
106.4524502083
106.8424096322
106.9328909028
107.0075269328
107.0951605472
107.2150361617
107.4164519941
107.5900698616
107.776548278
108.0358477649
108.4135927368
108.7677969047
108.9907109256
109.2417763838
109.427125136
109.656035876
110.0071371875
110.153601549
110.2322064285
110.3115673167
110.4131435734
110.6253613023
110.8076703777
110.9707569089
111.2592264554
111.6310429391
111.9961643768
112.2178905648
112.3976407933
112.6105550981
112.8543843628
113.1831927808
113.2932544158
113.4028533409
113.5170346142
113.5927162706
113.7984117581
114.0209107551
114.1874991255
114.4487579005
114.7756714235
118.3876060442
118.7359650932
119.1850670649
119.5660969699
119.9795480914
120.2178981098
120.4542944864
120.6074307034
120.8018597518
121.5211115433
121.9686767158
122.3934321205
122.7544079006
123.1564256262
123.3998613003
123.6658082971
123.8093463248
123.9622424571
124.7253870278
125.1172838471
125.5531300335
125.9437238434
126.3731925436
126.592899254
126.8533494872
126.998561683
127.1801169139
128.0345515702
128.2188777724
128.2923219464
128.4038056064
128.6398095732
128.778819538
129.0874032181
129.2981374003
129.3819398824
129.6263454863
129.8675140749
130.1200214142
130.207046305
130.3831981519
130.6095182024
130.9138794505
131.0158107971
131.2214252814
131.4158008
131.5990647033
131.8253362486
131.9695213932
132.2996675524
132.5163183317
132.6618072682
132.8171828149
133.4490622264
133.5855443902
133.8576828222
134.1298117258
134.2241926788
134.4362892481
135.1715911569
135.4442524762
135.6696797463
135.782572657
135.9567648332
136.7626200974
137.3149032793
137.5478861583
138.3233206736
138.6897380343
138.9049161156
139.012271924
139.1980722551
139.4679544685
139.6815118064
139.7830255302
139.8861596063
139.974794439
140.3889904594
140.7875160067
140.8540470539
140.9134059285
141.0820848395
141.2682168635
141.433067576
141.6204423895
142.0147646068
142.2495559532
142.4272297661
142.822389933
143.0338628822
143.412782035
143.5287406917
144.0354009774
144.2388440613
144.4442649215
144.6436251355
144.8005919396
145.2105979649
145.3898076033
145.6323291033
145.78669867
145.9215318314
146.3842953737
146.5709539195
146.7954277173
147.1792701154
147.441903883
147.6173290105
147.8121318754
147.9848386743
148.4269667635
148.6083334457
148.8484234374
149.2082355835
149.4209972949
149.7895806109
149.9195292884
150.4312372334
150.6414262101
150.8005763506
151.019788433
151.1870108634
151.6211266618
151.8052293321
152.0043706291
152.2041574497
152.3197573001
152.7808504092
153.0218526649
153.2414128441
153.6021835349
153.8356396661
154.0161574125
154.19874494
154.4641944792
154.8148955969
154.9059325559
155.0219023445
155.0994268578
155.1888786081
155.3776823403
155.5968967204
155.7534885463
156.0624138156
156.3879271457
156.7766613105
157.0068103997
157.1844584361
157.370875911
157.6560123475
157.9952889518
158.1123423791
158.2264666543
158.3287209747
158.4158537715
158.6194091888
158.8372121248
159.0175005962
159.2529238503
159.636602471
160.0041085954
160.2054152116
160.422711864
160.6238078202
160.8511286429
161.1935379332
161.3430017363
161.4548925499
161.5596482812
161.622807055
161.8358954473
162.0011603888
162.1940965651
162.4861133545
162.8460502711
163.1864954401
163.4153577108
163.6114375417
163.8103892155
164.0660221778
164.4243691073
164.5287058491
164.609470733
164.6879138577
164.7506042302
165.0061017595
165.2178595147
165.4026207618
165.6551469126
165.9601389824
